{
  "1": {
    "points": [
      [
        0.3333333333333333,
        0.3333333333333333,
        0.3333333333333333
      ]
    ],
    "weights": [
      1.0
    ]
  },
  "2": {
    "points": [
      [
        0.16666666666666666,
        0.16666666666666666,
        0.6666666666666666
      ],
      [
        0.16666666666666666,
        0.6666666666666666,
        0.16666666666666666
      ],
      [
        0.6666666666666666,
        0.16666666666666666,
        0.16666666666666666
      ]
    ],
    "weights": [
      0.3333333333333333,
      0.3333333333333333,
      0.3333333333333333
    ]
  },
  "3": {
    "points": [
      [
        0.3333333333333333,
        0.3333333333333333,
        0.3333333333333333
      ],
      [
        0.2,
        0.2,
        0.6
      ],
      [
        0.2,
        0.6,
        0.2
      ],
      [
        0.6,
        0.2,
        0.2
      ]
    ],
    "weights": [
      -0.5625,
      0.5208333333333334,
      0.5208333333333334,
      0.5208333333333334
    ]
  },
  "4": {
    "points": [
      [
        0.4459484909159649,
        0.4459484909159649,
        0.10810301816807022
      ],
      [
        0.09157621350977072,
        0.09157621350977072,
        0.8168475729804585
      ],
      [
        0.4459484909159649,
        0.10810301816807022,
        0.4459484909159649
      ],
      [
        0.09157621350977072,
        0.8168475729804585,
        0.09157621350977072
      ],
      [
        0.10810301816807022,
        0.4459484909159649,
        0.4459484909159649
      ],
      [
        0.8168475729804585,
        0.09157621350977072,
        0.09157621350977072
      ]
    ],
    "weights": [
      0.2233815896780116,
      0.1099517436553219,
      0.2233815896780116,
      0.1099517436553219,
      0.2233815896780116,
      0.1099517436553219
    ]
  },
  "5": {
    "points": [
      [
        0.3333333333333333,
        0.3333333333333333,
        0.3333333333333333
      ],
      [
        0.47014206410511505,
        0.47014206410511505,
        0.05971587178976989
      ],
      [
        0.10128650732345632,
        0.10128650732345632,
        0.7974269853530873
      ],
      [
        0.47014206410511505,
        0.05971587178976989,
        0.47014206410511505
      ],
      [
        0.10128650732345632,
        0.7974269853530873,
        0.10128650732345632
      ],
      [
        0.05971587178976989,
        0.47014206410511505,
        0.47014206410511505
      ],
      [
        0.7974269853530873,
        0.10128650732345632,
        0.10128650732345632
      ]
    ],
    "weights": [
      0.22500000000000006,
      0.1323941527885062,
      0.12593918054482717,
      0.1323941527885062,
      0.12593918054482717,
      0.1323941527885062,
      0.12593918054482717
    ]
  },
  "6": {
    "points": [
      [
        0.2492867451709104,
        0.2492867451709104,
        0.5014265096581791
      ],
      [
        0.06308901449150227,
        0.06308901449150227,
        0.8738219710169954
      ],
      [
        0.2492867451709104,
        0.5014265096581791,
        0.2492867451709104
      ],
      [
        0.06308901449150227,
        0.8738219710169954,
        0.06308901449150227
      ],
      [
        0.5014265096581791,
        0.2492867451709104,
        0.2492867451709104
      ],
      [
        0.8738219710169954,
        0.06308901449150227,
        0.06308901449150227
      ],
      [
        0.05314504984481697,
        0.3103524510337844,
        0.6365024991213987
      ],
      [
        0.6365024991213987,
        0.05314504984481697,
        0.3103524510337844
      ],
      [
        0.3103524510337844,
        0.6365024991213987,
        0.05314504984481697
      ],
      [
        0.3103524510337844,
        0.05314504984481697,
        0.6365024991213987
      ],
      [
        0.6365024991213987,
        0.3103524510337844,
        0.05314504984481697
      ],
      [
        0.05314504984481697,
        0.6365024991213987,
        0.3103524510337844
      ]
    ],
    "weights": [
      0.1167862757263794,
      0.0508449063702069,
      0.1167862757263794,
      0.0508449063702069,
      0.1167862757263794,
      0.0508449063702069,
      0.0828510756183736,
      0.0828510756183736,
      0.0828510756183736,
      0.0828510756183736,
      0.0828510756183736,
      0.0828510756183736
    ]
  },
  "7": {
    "points": [
      [
        0.3333333333333333,
        0.3333333333333333,
        0.3333333333333333
      ],
      [
        0.26034596607903987,
        0.26034596607903987,
        0.47930806784192026
      ],
      [
        0.06513010290221584,
        0.06513010290221584,
        0.8697397941955683
      ],
      [
        0.26034596607903987,
        0.47930806784192026,
        0.26034596607903987
      ],
      [
        0.06513010290221584,
        0.8697397941955683,
        0.06513010290221584
      ],
      [
        0.47930806784192026,
        0.26034596607903987,
        0.26034596607903987
      ],
      [
        0.8697397941955683,
        0.06513010290221584,
        0.06513010290221584
      ],
      [
        0.04869031542531644,
        0.3128654960048739,
        0.6384441885698097
      ],
      [
        0.6384441885698097,
        0.04869031542531644,
        0.3128654960048739
      ],
      [
        0.3128654960048739,
        0.6384441885698097,
        0.04869031542531644
      ],
      [
        0.3128654960048739,
        0.04869031542531644,
        0.6384441885698097
      ],
      [
        0.6384441885698097,
        0.3128654960048739,
        0.04869031542531644
      ],
      [
        0.04869031542531644,
        0.6384441885698097,
        0.3128654960048739
      ]
    ],
    "weights": [
      -0.14957004446768224,
      0.17561525743320783,
      0.053347235608838445,
      0.17561525743320783,
      0.053347235608838445,
      0.17561525743320783,
      0.053347235608838445,
      0.07711376089025712,
      0.07711376089025712,
      0.07711376089025712,
      0.07711376089025712,
      0.07711376089025712,
      0.07711376089025712
    ]
  },
  "8": {
    "points": [
      [
        0.3333333333333333,
        0.3333333333333333,
        0.3333333333333333
      ],
      [
        0.4592925882927232,
        0.4592925882927232,
        0.08141482341455364
      ],
      [
        0.1705693077517603,
        0.1705693077517603,
        0.6588613844964795
      ],
      [
        0.05054722831703107,
        0.05054722831703107,
        0.8989055433659379
      ],
      [
        0.4592925882927232,
        0.08141482341455364,
        0.4592925882927232
      ],
      [
        0.1705693077517603,
        0.6588613844964795,
        0.1705693077517603
      ],
      [
        0.05054722831703107,
        0.8989055433659379,
        0.05054722831703107
      ],
      [
        0.08141482341455364,
        0.4592925882927232,
        0.4592925882927232
      ],
      [
        0.6588613844964795,
        0.1705693077517603,
        0.1705693077517603
      ],
      [
        0.8989055433659379,
        0.05054722831703107,
        0.05054722831703107
      ],
      [
        0.008394777409957657,
        0.2631128296346381,
        0.7284923929554042
      ],
      [
        0.7284923929554042,
        0.008394777409957657,
        0.2631128296346381
      ],
      [
        0.2631128296346381,
        0.7284923929554042,
        0.008394777409957657
      ],
      [
        0.2631128296346381,
        0.008394777409957657,
        0.7284923929554042
      ],
      [
        0.7284923929554042,
        0.2631128296346381,
        0.008394777409957657
      ],
      [
        0.008394777409957657,
        0.7284923929554042,
        0.2631128296346381
      ]
    ],
    "weights": [
      0.14431560767778714,
      0.09509163426728463,
      0.10321737053471815,
      0.03245849762319809,
      0.09509163426728463,
      0.10321737053471815,
      0.03245849762319809,
      0.09509163426728463,
      0.10321737053471815,
      0.03245849762319809,
      0.027230314174435014,
      0.027230314174435014,
      0.027230314174435014,
      0.027230314174435014,
      0.027230314174435014,
      0.027230314174435014
    ]
  },
  "9": {
    "points": [
      [
        0.3333333333333333,
        0.3333333333333333,
        0.3333333333333333
      ],
      [
        0.48968251919873756,
        0.48968251919873756,
        0.02063496160252487
      ],
      [
        0.4370895914929365,
        0.4370895914929365,
        0.12582081701412695
      ],
      [
        0.1882035356190327,
        0.1882035356190327,
        0.6235929287619346
      ],
      [
        0.04472951339445273,
        0.04472951339445273,
        0.9105409732110945
      ],
      [
        0.48968251919873756,
        0.02063496160252487,
        0.48968251919873756
      ],
      [
        0.4370895914929365,
        0.12582081701412695,
        0.4370895914929365
      ],
      [
        0.1882035356190327,
        0.6235929287619346,
        0.1882035356190327
      ],
      [
        0.04472951339445273,
        0.9105409732110945,
        0.04472951339445273
      ],
      [
        0.02063496160252487,
        0.48968251919873756,
        0.48968251919873756
      ],
      [
        0.12582081701412695,
        0.4370895914929365,
        0.4370895914929365
      ],
      [
        0.6235929287619346,
        0.1882035356190327,
        0.1882035356190327
      ],
      [
        0.9105409732110945,
        0.04472951339445273,
        0.04472951339445273
      ],
      [
        0.0368384120547363,
        0.22196298916076576,
        0.741198598784498
      ],
      [
        0.741198598784498,
        0.0368384120547363,
        0.22196298916076576
      ],
      [
        0.22196298916076576,
        0.741198598784498,
        0.0368384120547363
      ],
      [
        0.22196298916076576,
        0.0368384120547363,
        0.741198598784498
      ],
      [
        0.741198598784498,
        0.22196298916076576,
        0.0368384120547363
      ],
      [
        0.0368384120547363,
        0.741198598784498,
        0.22196298916076576
      ]
    ],
    "weights": [
      0.0971357962827987,
      0.03133470022713923,
      0.0778275410047742,
      0.07964773892721022,
      0.02557767565869805,
      0.03133470022713923,
      0.0778275410047742,
      0.07964773892721022,
      0.02557767565869805,
      0.03133470022713923,
      0.0778275410047742,
      0.07964773892721022,
      0.02557767565869805,
      0.04328353937728935,
      0.04328353937728935,
      0.04328353937728935,
      0.04328353937728935,
      0.04328353937728935,
      0.04328353937728935
    ]
  },
  "10": {
    "points": [
      [
        0.3333333333333333,
        0.3333333333333333,
        0.3333333333333333
      ],
      [
        0.48557763338365734,
        0.48557763338365734,
        0.028844733232685327
      ],
      [
        0.10948157548503705,
        0.10948157548503705,
        0.7810368490299259
      ],
      [
        0.48557763338365734,
        0.028844733232685327,
        0.48557763338365734
      ],
      [
        0.10948157548503705,
        0.7810368490299259,
        0.10948157548503705
      ],
      [
        0.028844733232685327,
        0.48557763338365734,
        0.48557763338365734
      ],
      [
        0.7810368490299259,
        0.10948157548503705,
        0.10948157548503705
      ],
      [
        0.14170721941487996,
        0.307939838764121,
        0.550352941820999
      ],
      [
        0.02500353476268641,
        0.24667256063990267,
        0.7283239045974108
      ],
      [
        0.009540815400299482,
        0.06680325101220033,
        0.9236559335875002
      ],
      [
        0.550352941820999,
        0.14170721941487996,
        0.307939838764121
      ],
      [
        0.7283239045974108,
        0.02500353476268641,
        0.24667256063990267
      ],
      [
        0.9236559335875002,
        0.009540815400299482,
        0.06680325101220033
      ],
      [
        0.307939838764121,
        0.550352941820999,
        0.14170721941487996
      ],
      [
        0.24667256063990267,
        0.7283239045974108,
        0.02500353476268641
      ],
      [
        0.06680325101220033,
        0.9236559335875002,
        0.009540815400299482
      ],
      [
        0.307939838764121,
        0.14170721941487996,
        0.550352941820999
      ],
      [
        0.24667256063990267,
        0.02500353476268641,
        0.7283239045974108
      ],
      [
        0.06680325101220033,
        0.009540815400299482,
        0.9236559335875002
      ],
      [
        0.550352941820999,
        0.307939838764121,
        0.14170721941487996
      ],
      [
        0.7283239045974108,
        0.24667256063990267,
        0.02500353476268641
      ],
      [
        0.9236559335875002,
        0.06680325101220033,
        0.009540815400299482
      ],
      [
        0.14170721941487996,
        0.550352941820999,
        0.307939838764121
      ],
      [
        0.02500353476268641,
        0.7283239045974108,
        0.24667256063990267
      ],
      [
        0.009540815400299482,
        0.9236559335875002,
        0.06680325101220033
      ]
    ],
    "weights": [
      0.09081799038275354,
      0.03672595775646677,
      0.04532105943552797,
      0.03672595775646677,
      0.04532105943552797,
      0.03672595775646677,
      0.04532105943552797,
      0.07275791684542013,
      0.028327242531057464,
      0.009421666963732839,
      0.07275791684542013,
      0.028327242531057464,
      0.009421666963732839,
      0.07275791684542013,
      0.028327242531057464,
      0.009421666963732839,
      0.07275791684542013,
      0.028327242531057464,
      0.009421666963732839,
      0.07275791684542013,
      0.028327242531057464,
      0.009421666963732839,
      0.07275791684542013,
      0.028327242531057464,
      0.009421666963732839
    ]
  },
  "11": {
    "points": [
      [
        0.5346110482707582,
        0.5346110482707582,
        -0.06922209654151645
      ],
      [
        0.3989693029658552,
        0.3989693029658552,
        0.2020613940682896
      ],
      [
        0.20330990043128244,
        0.20330990043128244,
        0.5933801991374351
      ],
      [
        0.11935091228258127,
        0.11935091228258127,
        0.7612981754348375
      ],
      [
        0.03236494811127587,
        0.03236494811127587,
        0.9352701037774482
      ],
      [
        0.5346110482707582,
        -0.06922209654151645,
        0.5346110482707582
      ],
      [
        0.3989693029658552,
        0.2020613940682896,
        0.3989693029658552
      ],
      [
        0.20330990043128244,
        0.5933801991374351,
        0.20330990043128244
      ],
      [
        0.11935091228258127,
        0.7612981754348375,
        0.11935091228258127
      ],
      [
        0.03236494811127587,
        0.9352701037774482,
        0.03236494811127587
      ],
      [
        -0.06922209654151645,
        0.5346110482707582,
        0.5346110482707582
      ],
      [
        0.2020613940682896,
        0.3989693029658552,
        0.3989693029658552
      ],
      [
        0.5933801991374351,
        0.20330990043128244,
        0.20330990043128244
      ],
      [
        0.7612981754348375,
        0.11935091228258127,
        0.11935091228258127
      ],
      [
        0.9352701037774482,
        0.03236494811127587,
        0.03236494811127587
      ],
      [
        0.05017813831049466,
        0.3566206482612926,
        0.5932012134282127
      ],
      [
        0.021022016536166317,
        0.1714889803040416,
        0.8074890031597921
      ],
      [
        0.5932012134282127,
        0.05017813831049466,
        0.3566206482612926
      ],
      [
        0.8074890031597921,
        0.021022016536166317,
        0.1714889803040416
      ],
      [
        0.3566206482612926,
        0.5932012134282127,
        0.05017813831049466
      ],
      [
        0.1714889803040416,
        0.8074890031597921,
        0.021022016536166317
      ],
      [
        0.3566206482612926,
        0.05017813831049466,
        0.5932012134282127
      ],
      [
        0.1714889803040416,
        0.021022016536166317,
        0.8074890031597921
      ],
      [
        0.5932012134282127,
        0.3566206482612926,
        0.05017813831049466
      ],
      [
        0.8074890031597921,
        0.1714889803040416,
        0.021022016536166317
      ],
      [
        0.05017813831049466,
        0.5932012134282127,
        0.3566206482612926
      ],
      [
        0.021022016536166317,
        0.8074890031597921,
        0.1714889803040416
      ]
    ],
    "weights": [
      0.0009270063289606852,
      0.07714953491481315,
      0.059322977380774085,
      0.036184540503418045,
      0.013659731002677873,
      0.0009270063289606852,
      0.07714953491481315,
      0.059322977380774085,
      0.036184540503418045,
      0.013659731002677873,
      0.0009270063289606852,
      0.07714953491481315,
      0.059322977380774085,
      0.036184540503418045,
      0.013659731002677873,
      0.05233711196220407,
      0.0207076596391407,
      0.05233711196220407,
      0.0207076596391407,
      0.05233711196220407,
      0.0207076596391407,
      0.05233711196220407,
      0.0207076596391407,
      0.05233711196220407,
      0.0207076596391407,
      0.05233711196220407,
      0.0207076596391407
    ]
  },
  "12": {
    "points": [
      [
        0.4882173897738049,
        0.4882173897738049,
        0.02356522045239018
      ],
      [
        0.43972439229446025,
        0.43972439229446025,
        0.1205512154110795
      ],
      [
        0.2712103850121159,
        0.2712103850121159,
        0.45757922997576816
      ],
      [
        0.12757614554158575,
        0.12757614554158575,
        0.7448477089168285
      ],
      [
        0.021317350453210406,
        0.021317350453210406,
        0.9573652990935791
      ],
      [
        0.4882173897738049,
        0.02356522045239018,
        0.4882173897738049
      ],
      [
        0.43972439229446025,
        0.1205512154110795,
        0.43972439229446025
      ],
      [
        0.2712103850121159,
        0.45757922997576816,
        0.2712103850121159
      ],
      [
        0.12757614554158575,
        0.7448477089168285,
        0.12757614554158575
      ],
      [
        0.021317350453210406,
        0.9573652990935791,
        0.021317350453210406
      ],
      [
        0.02356522045239018,
        0.4882173897738049,
        0.4882173897738049
      ],
      [
        0.1205512154110795,
        0.43972439229446025,
        0.43972439229446025
      ],
      [
        0.45757922997576816,
        0.2712103850121159,
        0.2712103850121159
      ],
      [
        0.7448477089168285,
        0.12757614554158575,
        0.12757614554158575
      ],
      [
        0.9573652990935791,
        0.021317350453210406,
        0.021317350453210406
      ],
      [
        0.11534349453469803,
        0.2757132696855139,
        0.608943235779788
      ],
      [
        0.022838332222257056,
        0.28132558098993965,
        0.6958360867878033
      ],
      [
        0.02573405054833023,
        0.1162519159075972,
        0.8580140335440726
      ],
      [
        0.608943235779788,
        0.11534349453469803,
        0.2757132696855139
      ],
      [
        0.6958360867878033,
        0.022838332222257056,
        0.28132558098993965
      ],
      [
        0.8580140335440726,
        0.02573405054833023,
        0.1162519159075972
      ],
      [
        0.2757132696855139,
        0.608943235779788,
        0.11534349453469803
      ],
      [
        0.28132558098993965,
        0.6958360867878033,
        0.022838332222257056
      ],
      [
        0.1162519159075972,
        0.8580140335440726,
        0.02573405054833023
      ],
      [
        0.2757132696855139,
        0.11534349453469803,
        0.608943235779788
      ],
      [
        0.28132558098993965,
        0.022838332222257056,
        0.6958360867878033
      ],
      [
        0.1162519159075972,
        0.02573405054833023,
        0.8580140335440726
      ],
      [
        0.608943235779788,
        0.2757132696855139,
        0.11534349453469803
      ],
      [
        0.6958360867878033,
        0.28132558098993965,
        0.022838332222257056
      ],
      [
        0.8580140335440726,
        0.1162519159075972,
        0.02573405054833023
      ],
      [
        0.11534349453469803,
        0.608943235779788,
        0.2757132696855139
      ],
      [
        0.022838332222257056,
        0.6958360867878033,
        0.28132558098993965
      ],
      [
        0.02573405054833023,
        0.8580140335440726,
        0.1162519159075972
      ]
    ],
    "weights": [
      0.025731066440455377,
      0.0436925445380385,
      0.06285822421788524,
      0.03479611293070886,
      0.006166261051559027,
      0.025731066440455377,
      0.0436925445380385,
      0.06285822421788524,
      0.03479611293070886,
      0.006166261051559027,
      0.025731066440455377,
      0.0436925445380385,
      0.06285822421788524,
      0.03479611293070886,
      0.006166261051559027,
      0.040371557766380954,
      0.02235677320230342,
      0.01731623110865889,
      0.040371557766380954,
      0.02235677320230342,
      0.01731623110865889,
      0.040371557766380954,
      0.02235677320230342,
      0.01731623110865889,
      0.040371557766380954,
      0.02235677320230342,
      0.01731623110865889,
      0.040371557766380954,
      0.02235677320230342,
      0.01731623110865889,
      0.040371557766380954,
      0.02235677320230342,
      0.01731623110865889
    ]
  },
  "13": {
    "points": [
      [
        0.3333333333333333,
        0.3333333333333333,
        0.3333333333333333
      ],
      [
        0.49504818494801084,
        0.49504818494801084,
        0.009903630103978323
      ],
      [
        0.46871663508490263,
        0.46871663508490263,
        0.06256672983019473
      ],
      [
        0.41452133675508235,
        0.41452133675508235,
        0.1709573264898353
      ],
      [
        0.22939957209182404,
        0.22939957209182404,
        0.5412008558163519
      ],
      [
        0.11442449516398367,
        0.11442449516398367,
        0.7711510096720327
      ],
      [
        0.02481139136683075,
        0.02481139136683075,
        0.9503772172663385
      ],
      [
        0.49504818494801084,
        0.009903630103978323,
        0.49504818494801084
      ],
      [
        0.46871663508490263,
        0.06256672983019473,
        0.46871663508490263
      ],
      [
        0.41452133675508235,
        0.1709573264898353,
        0.41452133675508235
      ],
      [
        0.22939957209182404,
        0.5412008558163519,
        0.22939957209182404
      ],
      [
        0.11442449516398367,
        0.7711510096720327,
        0.11442449516398367
      ],
      [
        0.02481139136683075,
        0.9503772172663385,
        0.02481139136683075
      ],
      [
        0.009903630103978323,
        0.49504818494801084,
        0.49504818494801084
      ],
      [
        0.06256672983019473,
        0.46871663508490263,
        0.46871663508490263
      ],
      [
        0.1709573264898353,
        0.41452133675508235,
        0.41452133675508235
      ],
      [
        0.5412008558163519,
        0.22939957209182404,
        0.22939957209182404
      ],
      [
        0.7711510096720327,
        0.11442449516398367,
        0.11442449516398367
      ],
      [
        0.9503772172663385,
        0.02481139136683075,
        0.02481139136683075
      ],
      [
        0.09485382848271534,
        0.26879499698629705,
        0.6363511745309876
      ],
      [
        0.018100773312209724,
        0.2917300667479149,
        0.6901691599398754
      ],
      [
        0.022233076663962435,
        0.12635738550843173,
        0.8514095378276059
      ],
      [
        0.6363511745309876,
        0.09485382848271534,
        0.26879499698629705
      ],
      [
        0.6901691599398754,
        0.018100773312209724,
        0.2917300667479149
      ],
      [
        0.8514095378276059,
        0.022233076663962435,
        0.12635738550843173
      ],
      [
        0.26879499698629705,
        0.6363511745309876,
        0.09485382848271534
      ],
      [
        0.2917300667479149,
        0.6901691599398754,
        0.018100773312209724
      ],
      [
        0.12635738550843173,
        0.8514095378276059,
        0.022233076663962435
      ],
      [
        0.26879499698629705,
        0.09485382848271534,
        0.6363511745309876
      ],
      [
        0.2917300667479149,
        0.018100773312209724,
        0.6901691599398754
      ],
      [
        0.12635738550843173,
        0.022233076663962435,
        0.8514095378276059
      ],
      [
        0.6363511745309876,
        0.26879499698629705,
        0.09485382848271534
      ],
      [
        0.6901691599398754,
        0.2917300667479149,
        0.018100773312209724
      ],
      [
        0.8514095378276059,
        0.12635738550843173,
        0.022233076663962435
      ],
      [
        0.09485382848271534,
        0.6363511745309876,
        0.26879499698629705
      ],
      [
        0.018100773312209724,
        0.6901691599398754,
        0.2917300667479149
      ],
      [
        0.022233076663962435,
        0.8514095378276059,
        0.12635738550843173
      ]
    ],
    "weights": [
      0.052520923329729116,
      0.011280145203913329,
      0.031423518409696184,
      0.04707250247887311,
      0.04736358648619666,
      0.03116752903642864,
      0.007975771467185627,
      0.011280145203913329,
      0.031423518409696184,
      0.04707250247887311,
      0.04736358648619666,
      0.03116752903642864,
      0.007975771467185627,
      0.011280145203913329,
      0.031423518409696184,
      0.04707250247887311,
      0.04736358648619666,
      0.03116752903642864,
      0.007975771467185627,
      0.036848402739115195,
      0.01740146333067165,
      0.015521786834111472,
      0.036848402739115195,
      0.01740146333067165,
      0.015521786834111472,
      0.036848402739115195,
      0.01740146333067165,
      0.015521786834111472,
      0.036848402739115195,
      0.01740146333067165,
      0.015521786834111472,
      0.036848402739115195,
      0.01740146333067165,
      0.015521786834111472,
      0.036848402739115195,
      0.01740146333067165,
      0.015521786834111472
    ]
  },
  "14": {
    "points": [
      [
        0.48896391036217857,
        0.48896391036217857,
        0.022072179275642867
      ],
      [
        0.417644719340454,
        0.417644719340454,
        0.164710561319092
      ],
      [
        0.27347752830883865,
        0.27347752830883865,
        0.4530449433823227
      ],
      [
        0.17720553241254344,
        0.17720553241254344,
        0.6455889351749131
      ],
      [
        0.06179988309087261,
        0.06179988309087261,
        0.8764002338182548
      ],
      [
        0.019390961248701127,
        0.019390961248701127,
        0.9612180775025978
      ],
      [
        0.48896391036217857,
        0.022072179275642867,
        0.48896391036217857
      ],
      [
        0.417644719340454,
        0.164710561319092,
        0.417644719340454
      ],
      [
        0.27347752830883865,
        0.4530449433823227,
        0.27347752830883865
      ],
      [
        0.17720553241254344,
        0.6455889351749131,
        0.17720553241254344
      ],
      [
        0.06179988309087261,
        0.8764002338182548,
        0.06179988309087261
      ],
      [
        0.019390961248701127,
        0.9612180775025978,
        0.019390961248701127
      ],
      [
        0.022072179275642867,
        0.48896391036217857,
        0.48896391036217857
      ],
      [
        0.164710561319092,
        0.417644719340454,
        0.417644719340454
      ],
      [
        0.4530449433823227,
        0.27347752830883865,
        0.27347752830883865
      ],
      [
        0.6455889351749131,
        0.17720553241254344,
        0.17720553241254344
      ],
      [
        0.8764002338182548,
        0.06179988309087261,
        0.06179988309087261
      ],
      [
        0.9612180775025978,
        0.019390961248701127,
        0.019390961248701127
      ],
      [
        0.05712475740364793,
        0.1722666878213555,
        0.7706085547749966
      ],
      [
        0.09291624935697182,
        0.33686145979634485,
        0.5702222908466833
      ],
      [
        0.014646950055654414,
        0.2983728821362578,
        0.6869801678080878
      ],
      [
        0.0012683309328720147,
        0.11897449769695692,
        0.8797571713701711
      ],
      [
        0.7706085547749966,
        0.05712475740364793,
        0.1722666878213555
      ],
      [
        0.5702222908466833,
        0.09291624935697182,
        0.33686145979634485
      ],
      [
        0.6869801678080878,
        0.014646950055654414,
        0.2983728821362578
      ],
      [
        0.8797571713701711,
        0.0012683309328720147,
        0.11897449769695692
      ],
      [
        0.1722666878213555,
        0.7706085547749966,
        0.05712475740364793
      ],
      [
        0.33686145979634485,
        0.5702222908466833,
        0.09291624935697182
      ],
      [
        0.2983728821362578,
        0.6869801678080878,
        0.014646950055654414
      ],
      [
        0.11897449769695692,
        0.8797571713701711,
        0.0012683309328720147
      ],
      [
        0.1722666878213555,
        0.05712475740364793,
        0.7706085547749966
      ],
      [
        0.33686145979634485,
        0.09291624935697182,
        0.5702222908466833
      ],
      [
        0.2983728821362578,
        0.014646950055654414,
        0.6869801678080878
      ],
      [
        0.11897449769695692,
        0.0012683309328720147,
        0.8797571713701711
      ],
      [
        0.7706085547749966,
        0.1722666878213555,
        0.05712475740364793
      ],
      [
        0.5702222908466833,
        0.33686145979634485,
        0.09291624935697182
      ],
      [
        0.6869801678080878,
        0.2983728821362578,
        0.014646950055654414
      ],
      [
        0.8797571713701711,
        0.11897449769695692,
        0.0012683309328720147
      ],
      [
        0.05712475740364793,
        0.7706085547749966,
        0.1722666878213555
      ],
      [
        0.09291624935697182,
        0.5702222908466833,
        0.33686145979634485
      ],
      [
        0.014646950055654414,
        0.6869801678080878,
        0.2983728821362578
      ],
      [
        0.0012683309328720147,
        0.8797571713701711,
        0.11897449769695692
      ]
    ],
    "weights": [
      0.0218835813694289,
      0.032788353544125355,
      0.051774104507291606,
      0.042162588736992995,
      0.014433699669776584,
      0.004923403602400057,
      0.0218835813694289,
      0.032788353544125355,
      0.051774104507291606,
      0.042162588736992995,
      0.014433699669776584,
      0.004923403602400057,
      0.0218835813694289,
      0.032788353544125355,
      0.051774104507291606,
      0.042162588736992995,
      0.014433699669776584,
      0.004923403602400057,
      0.024665753212563642,
      0.03857151078706067,
      0.014436308113533806,
      0.005010228838500666,
      0.024665753212563642,
      0.03857151078706067,
      0.014436308113533806,
      0.005010228838500666,
      0.024665753212563642,
      0.03857151078706067,
      0.014436308113533806,
      0.005010228838500666,
      0.024665753212563642,
      0.03857151078706067,
      0.014436308113533806,
      0.005010228838500666,
      0.024665753212563642,
      0.03857151078706067,
      0.014436308113533806,
      0.005010228838500666,
      0.024665753212563642,
      0.03857151078706067,
      0.014436308113533806,
      0.005010228838500666
    ]
  },
  "15": {
    "points": [
      [
        0.5069729168582429,
        0.5069729168582429,
        -0.013945833716485723
      ],
      [
        0.43140635428302254,
        0.43140635428302254,
        0.13718729143395492
      ],
      [
        0.2776936448471444,
        0.2776936448471444,
        0.44461271030571115
      ],
      [
        0.12646489104125375,
        0.12646489104125375,
        0.7470702179174925
      ],
      [
        0.0708083859746857,
        0.0708083859746857,
        0.8583832280506286
      ],
      [
        0.01896517024107336,
        0.01896517024107336,
        0.9620696595178533
      ],
      [
        0.5069729168582429,
        -0.013945833716485723,
        0.5069729168582429
      ],
      [
        0.43140635428302254,
        0.13718729143395492,
        0.43140635428302254
      ],
      [
        0.2776936448471444,
        0.44461271030571115,
        0.2776936448471444
      ],
      [
        0.12646489104125375,
        0.7470702179174925,
        0.12646489104125375
      ],
      [
        0.0708083859746857,
        0.8583832280506286,
        0.0708083859746857
      ],
      [
        0.01896517024107336,
        0.9620696595178533,
        0.01896517024107336
      ],
      [
        -0.013945833716485723,
        0.5069729168582429,
        0.5069729168582429
      ],
      [
        0.13718729143395492,
        0.43140635428302254,
        0.43140635428302254
      ],
      [
        0.44461271030571115,
        0.2776936448471444,
        0.2776936448471444
      ],
      [
        0.7470702179174925,
        0.12646489104125375,
        0.12646489104125375
      ],
      [
        0.8583832280506286,
        0.0708083859746857,
        0.0708083859746857
      ],
      [
        0.9620696595178533,
        0.01896517024107336,
        0.01896517024107336
      ],
      [
        0.1337341619666211,
        0.2613113711400873,
        0.6049544668932916
      ],
      [
        0.03636667739691685,
        0.5755865555128141,
        0.388046767090269
      ],
      [
        -0.010174883126570586,
        0.2857122200499159,
        0.7244626630766547
      ],
      [
        0.036843869875878274,
        0.21559966407228406,
        0.7475564660518377
      ],
      [
        0.012459809331198717,
        0.10357561657638606,
        0.8839645740924152
      ],
      [
        0.6049544668932916,
        0.1337341619666211,
        0.2613113711400873
      ],
      [
        0.388046767090269,
        0.03636667739691685,
        0.5755865555128141
      ],
      [
        0.7244626630766547,
        -0.010174883126570586,
        0.2857122200499159
      ],
      [
        0.7475564660518377,
        0.036843869875878274,
        0.21559966407228406
      ],
      [
        0.8839645740924152,
        0.012459809331198717,
        0.10357561657638606
      ],
      [
        0.2613113711400873,
        0.6049544668932916,
        0.1337341619666211
      ],
      [
        0.5755865555128141,
        0.388046767090269,
        0.03636667739691685
      ],
      [
        0.2857122200499159,
        0.7244626630766547,
        -0.010174883126570586
      ],
      [
        0.21559966407228406,
        0.7475564660518377,
        0.036843869875878274
      ],
      [
        0.10357561657638606,
        0.8839645740924152,
        0.012459809331198717
      ],
      [
        0.2613113711400873,
        0.1337341619666211,
        0.6049544668932916
      ],
      [
        0.5755865555128141,
        0.03636667739691685,
        0.388046767090269
      ],
      [
        0.2857122200499159,
        -0.010174883126570586,
        0.7244626630766547
      ],
      [
        0.21559966407228406,
        0.036843869875878274,
        0.7475564660518377
      ],
      [
        0.10357561657638606,
        0.012459809331198717,
        0.8839645740924152
      ],
      [
        0.6049544668932916,
        0.2613113711400873,
        0.1337341619666211
      ],
      [
        0.388046767090269,
        0.5755865555128141,
        0.03636667739691685
      ],
      [
        0.7244626630766547,
        0.2857122200499159,
        -0.010174883126570586
      ],
      [
        0.7475564660518377,
        0.21559966407228406,
        0.036843869875878274
      ],
      [
        0.8839645740924152,
        0.10357561657638606,
        0.012459809331198717
      ],
      [
        0.1337341619666211,
        0.6049544668932916,
        0.2613113711400873
      ],
      [
        0.03636667739691685,
        0.388046767090269,
        0.5755865555128141
      ],
      [
        -0.010174883126570586,
        0.7244626630766547,
        0.2857122200499159
      ],
      [
        0.036843869875878274,
        0.7475564660518377,
        0.21559966407228406
      ],
      [
        0.012459809331198717,
        0.8839645740924152,
        0.10357561657638606
      ]
    ],
    "weights": [
      0.0019168756428486605,
      0.044249027271144895,
      0.0511865487188522,
      0.023687735870687912,
      0.013289775690020537,
      0.004748916608191822,
      0.0019168756428486605,
      0.044249027271144895,
      0.0511865487188522,
      0.023687735870687912,
      0.013289775690020537,
      0.004748916608191822,
      0.0019168756428486605,
      0.044249027271144895,
      0.0511865487188522,
      0.023687735870687912,
      0.013289775690020537,
      0.004748916608191822,
      0.03855007259959249,
      0.02721581432062431,
      0.0021820773667970694,
      0.021505319847731345,
      0.007673942631048677,
      0.03855007259959249,
      0.02721581432062431,
      0.0021820773667970694,
      0.021505319847731345,
      0.007673942631048677,
      0.03855007259959249,
      0.02721581432062431,
      0.0021820773667970694,
      0.021505319847731345,
      0.007673942631048677,
      0.03855007259959249,
      0.02721581432062431,
      0.0021820773667970694,
      0.021505319847731345,
      0.007673942631048677,
      0.03855007259959249,
      0.02721581432062431,
      0.0021820773667970694,
      0.021505319847731345,
      0.007673942631048677,
      0.03855007259959249,
      0.02721581432062431,
      0.0021820773667970694,
      0.021505319847731345,
      0.007673942631048677
    ]
  },
  "16": {
    "points": [
      [
        0.3333333333333333,
        0.3333333333333333,
        0.3333333333333333
      ],
      [
        0.4973805419484384,
        0.4973805419484384,
        0.0052389161031232145
      ],
      [
        0.41346943854935236,
        0.41346943854935236,
        0.17306112290129527
      ],
      [
        0.4704585990669913,
        0.4704585990669913,
        0.05908280186601744
      ],
      [
        0.2405537499695209,
        0.2405537499695209,
        0.5188925000609582
      ],
      [
        0.14796579422257275,
        0.14796579422257275,
        0.7040684115548546
      ],
      [
        0.07546518765747415,
        0.07546518765747415,
        0.8490696246850518
      ],
      [
        0.016596402623025232,
        0.016596402623025232,
        0.9668071947539495
      ],
      [
        0.4973805419484384,
        0.0052389161031232145,
        0.4973805419484384
      ],
      [
        0.41346943854935236,
        0.17306112290129527,
        0.41346943854935236
      ],
      [
        0.4704585990669913,
        0.05908280186601744,
        0.4704585990669913
      ],
      [
        0.2405537499695209,
        0.5188925000609582,
        0.2405537499695209
      ],
      [
        0.14796579422257275,
        0.7040684115548546,
        0.14796579422257275
      ],
      [
        0.07546518765747415,
        0.8490696246850518,
        0.07546518765747415
      ],
      [
